#############################################################################
# Gauss-Hermite constants
#############################################################################
GHc <- c(1,0,
         1,0,
         3,0,
         15,0,
         105,0,
         945,0,
         10395,0,
         135135,0,
         2027025,0,
         34459425,0,
         654729075)
